        01
       1010
      01  01
     10    10
    0101010101      0101   01010 1010101010101010101010101010101010101010101010
   1010    1010     0   1  0     01010101010101010101010101010101010101010101010
  0101      0101    0    1 0101  01010101010101010101010101010101010101010101010
 1010        1010   0   1  0     10 101010101010101010101010101010101010101010101010
0101          0101  0101   01010 1010101010101010101010101010101010101010101010

01010101010101
010          010
010           010
010            101
010            101
010           010
010          101
01010101010101

01010101010101
010          010
010           010
010            101
010            101
010           010
010          101
01010101010101


010101010101010101010101010101010101010101010101010101010101010101010101010
010101010101010101010101010101010101010101010101010101010101010101010101010
010101010101010101010101010101010101010101010101010101010101010101010101010
010101010101010101010101010101010101010101010101010101010101010101010101010
010101010101010101010101010101010101010101010101010101010101010101010101010
010101010101010101010101010101010101010101010101010101010101010101010101010
010101010101010101010101010101010101010101010101010101010101010101010101010
010101010101010101010101010101010101010101010101010101010101010101010101010